.Random.seed <-
c(403L, 70L, -2144597823L, 378157232L, 1950894030L, 801430329L, 
1223275339L, 123431162L, -2120863236L, -344485313L, 1210939157L, 
552600620L, 90963202L, 1092195805L, -1008474921L, -1015066690L, 
1149364728L, 1015434715L, 501802041L, 1345291656L, 871895350L, 
-231003279L, 2039089571L, -849120014L, 241674308L, 1131662087L, 
1470909149L, -872885292L, -26750214L, -1150564795L, 578887327L, 
-1432296410L, 733860016L, -956135085L, 1127617649L, 1260308896L, 
-1713060546L, -1746959287L, -906768133L, 1454659786L, 2047245868L, 
-2007121361L, -895223067L, -178528356L, 632420850L, -1521707923L, 
1895937447L, -323248178L, -398263000L, -1327046869L, 1023673673L, 
-1530975656L, 1989534470L, 1748684513L, 108989043L, 723858146L, 
-1716900268L, -1065863337L, 1164430157L, -1837547804L, 489684682L, 
39960373L, -921979505L, 658895510L, -1949038016L, -267347197L, 
698739489L, 1800801296L, -2046870546L, -1135023207L, 2097984555L, 
1640411418L, 331105244L, -1348786721L, 984306101L, 1556971340L, 
-1177037406L, -2081475331L, -1856661001L, -544319714L, -1835832872L, 
1946665787L, 495477977L, 613148776L, -2017919594L, 914826513L, 
-1660795197L, 1469875922L, 1407205220L, -1833565529L, 1521200125L, 
1195826676L, -34080038L, -1846461403L, -70160065L, -2132416826L, 
2126064464L, -2142792845L, -758594159L, -1648998464L, 547107230L, 
-1519191191L, -1945227365L, 988665514L, 1992548556L, -404610673L, 
2079552965L, -578872964L, -408147502L, -440822451L, 397019143L, 
-686069778L, 1765281480L, -388865589L, 609571881L, 538362488L, 
1660252070L, -1364448831L, 93396563L, 3110146L, 827241524L, -1149041225L, 
-264525395L, -1198560572L, -1306448150L, 1762001237L, 349566703L, 
-1865874186L, -549727200L, 434947555L, 1224849025L, 1294057712L, 
-708362354L, -864562951L, -699491701L, -242943302L, -1399310916L, 
1977147135L, -500641195L, 1745659244L, 532262338L, -1857532387L, 
-668035433L, -2016829442L, -326874184L, 1427416987L, 345918969L, 
502910280L, -2094856074L, 978711985L, 1544387555L, -1893087054L, 
1588765956L, 543811143L, -486772451L, 849919892L, 1112253242L, 
-2050723963L, -501302177L, -328141082L, -1684046480L, 1427310227L, 
1626283825L, 1365747168L, 495714942L, -1954385655L, -557821125L, 
-744101110L, 998073068L, -1764270225L, 1949663397L, -559764900L, 
-464221646L, -1214406355L, -1011505177L, 1148595982L, 409436392L, 
1212330731L, 388619145L, -1386019048L, 1177127494L, -346985823L, 
1835650355L, -2036902750L, -520873068L, -1979555305L, -1818008051L, 
1631879972L, -104923382L, 1008783989L, -1166847537L, -1365779754L, 
1970486912L, -1857429309L, 1326988897L, -1166788912L, 2070351918L, 
-126757415L, -1959581205L, 348576858L, 1294288412L, -1427462369L, 
1044446069L, -1389846004L, -2133183518L, 1852301501L, 1809764151L, 
820787166L, -638614248L, 1679583355L, 195759641L, 1048684200L, 
-648928170L, 1468506321L, 2055273603L, -1038819566L, -1878627676L, 
-1866500505L, -463149123L, -900286156L, 1106262682L, 761526501L, 
717105791L, -1513606138L, -1741379696L, -132781517L, -1588526639L, 
-1068817536L, 1241808478L, -1760833566L, -661080472L, 1736034892L, 
-2037153540L, 238268402L, -226181888L, -61712524L, 612114440L, 
1113249210L, -297296432L, 1730528236L, -388407404L, -88495150L, 
1211004768L, 18519372L, -1174209248L, 1118475138L, -382833944L, 
1927673068L, 608483900L, 1764154226L, 1736551024L, 1725237284L, 
-738969800L, 740572314L, 41890512L, -1515200324L, 1044424340L, 
147703426L, 758635712L, 207180092L, 1343348880L, 1280956962L, 
-901573112L, -613543668L, 619922076L, -2033689070L, -2006930048L, 
2055712276L, 1592518184L, -727231174L, 450709456L, 902333036L, 
610871092L, 432116370L, 1050753376L, -1219247796L, 346824672L, 
1627213730L, 166623144L, 480787340L, -516090180L, 1264114546L, 
-307369744L, -1281009596L, 1946213720L, 922879034L, 502702960L, 
1241015356L, -451765484L, -1383200318L, -1145442080L, -277141636L, 
1540845264L, 1378715298L, -183704536L, -1583134452L, 1743725500L, 
1484762418L, -1773903936L, 975524404L, 301435848L, 86901946L, 
-35639408L, -76560916L, 207650900L, -1197830510L, 283917088L, 
-281494068L, -1652642848L, 917426882L, -958830040L, -908796244L, 
-2112638276L, -2038652430L, -753293008L, 693902500L, 830984888L, 
1882680154L, -1950634608L, -324558468L, 1163877652L, -1023620798L, 
227885824L, 753769404L, 1928760144L, -1997184734L, 1305611592L, 
802052108L, 563525724L, -16608046L, -1575434240L, 515230548L, 
746926568L, 884402170L, 286648016L, -895888084L, 329472244L, 
137959314L, 1860963424L, 795823372L, 2009917152L, 1556344162L, 
-931642712L, 228698700L, 226346876L, 1303317298L, -821440912L, 
342498628L, 653126616L, -1488789382L, 1597036080L, -494970180L, 
-1410386092L, 444938818L, 1409555360L, -805644100L, -2077003312L, 
425379170L, -433576984L, -438335540L, 672630524L, -237309966L, 
434011264L, -836949772L, -393382776L, -239487686L, -2078579888L, 
94825580L, 189501588L, -1422481070L, 1001144032L, -1082408756L, 
-2059954016L, 1250630018L, -1003972376L, -410990356L, -874624964L, 
2046566514L, 693946480L, 923247140L, -1491992008L, -256173542L, 
-2063138608L, 1701201468L, 1168862356L, -1377549182L, 1979828160L, 
-1367392964L, -2076643696L, 1212335138L, -905678840L, 1423400076L, 
308645916L, -430566254L, 1930341504L, 139232276L, 1635214120L, 
1283544122L, 731073744L, -842312596L, 1060685492L, -1864380398L, 
-248504352L, 1878469580L, -739779104L, 239557666L, 1987765544L, 
439130380L, 1997336124L, 541947122L, 34040048L, -567466172L, 
1272352856L, -907001286L, -907151120L, -1185656132L, -1319290348L, 
-901026622L, 1118889568L, 955086204L, 1977349328L, 454616098L, 
159099048L, 144788876L, 121983420L, -1431496654L, -339705024L, 
651022004L, 1932517704L, 1857757882L, 1236008720L, -784736020L, 
-816125868L, 1581975314L, -442195552L, -300341300L, -997327008L, 
1170562242L, -589205976L, -1065969236L, -1333476548L, 652530546L, 
428265264L, -1057284060L, 1269493304L, -259222822L, 316487568L, 
523302140L, -852673132L, 1303032642L, 205736448L, -1043101636L, 
1243984464L, -2005831518L, 527639368L, 335661580L, 1191768215L, 
-1130331551L, -237086042L, -1836678492L, -1083029675L, -432616449L, 
1017764504L, 2070626230L, -359828413L, -85873275L, -1745652190L, 
-1161548528L, 1364753593L, 248430955L, -114724772L, -810795638L, 
-960444033L, -787098423L, -1519212194L, 650742284L, -1768133155L, 
1792210151L, -101002992L, -2077724626L, -1489271077L, 820199357L, 
1035278634L, 753290696L, -2059447567L, 1240431715L, -149813148L, 
483689362L, -163051417L, -843884495L, 533080438L, 231741076L, 
1331059877L, -364641873L, -2084283800L, 1838031430L, 441059315L, 
1803220821L, -620484302L, 479739136L, -1319911959L, 1278249051L, 
2076089004L, 1977812154L, -1243380113L, 47780857L, -362481010L, 
-1966474404L, -2092517427L, -1720568009L, 2143790528L, 761907870L, 
-1456888981L, 1261189869L, -1870254246L, -2133072872L, 140304769L, 
-766732493L, 32460116L, 1097205602L, -2029741065L, -279026623L, 
1012191430L, 965762564L, -1572529739L, -1411766625L, -1101142280L, 
1460423382L, -1113546909L, -297375963L, 350821570L, 423434672L, 
1463480793L, 933330763L, 1609840060L, -1127258646L, -1086004705L, 
-2093332311L, 855130174L, -1716309716L, 1454619517L, -239054393L, 
-2089597776L, 1460966094L, -140949509L, -1771597731L, 1675818890L, 
845526952L, 958528785L, 1289192451L, -1737314556L, 1250116402L, 
673030535L, 590923729L, -31332010L, 1006880564L, 563964485L, 
-1284303217L, -1954545656L, 1149248550L, -1908032301L, 1454906933L, 
659133842L, 367896928L, -801222455L, 238248955L, -313146420L, 
625884762L, -1790336177L, -692930023L, -76400594L, 411448892L, 
-1008219219L, -1685822377L, -1671523936L, 2120952574L, 1117243851L, 
144453581L, 54846202L, -888661704L, -949345567L, 1300800915L, 
259886516L, -1467150654L, -2143035689L, -110293215L, 1185097446L, 
768008164L, 194039573L, 1946593087L, 43659992L, -1843349770L, 
976363779L, -456023483L, -745409950L, 737849808L, 1072828153L, 
2058882091L, 1895336860L, -530996278L, -1640997697L, -699236855L, 
1334654750L, -1632796980L, -586563939L, 68827943L, -1584638640L, 
